#resid sasa
26 0.142861
27 1.52987
28 0
29 0.354037
30 0.370289
31 1.72117
32 0
33 6.29473
34 1.14929
35 51.8506
36 3.66787
37 88.6688
38 28.0168
39 7.43711
40 0.901344
41 1.40014
42 1.51291
43 1.35214
44 0.0857864
45 0
46 0
47 0
48 0.852838
49 0
50 0.273528
51 0.56356
52 0
53 0.142861
54 11.674
55 0
56 0.563057
57 0.386039
58 5.61664
59 0.337784
60 0.913655
61 10.4206
62 27.192
63 24.2466
64 1.55661
65 22.5431
66 1.90875
67 31.0745
68 13.463
69 0.0805085
70 12.087
71 5.32479
72 47.0947
73 60.3215
74 5.00922
75 67.9503
76 93.2848
77 137.29
78 8.85655
79 7.73486
80 38.1852
81 35.8114
82 4.3917
83 21.9157
84 60.9646
85 0
86 4.86774
87 80.5159
88 22.3235
89 32.5243
90 22.1365
91 36.0185
92 35.0322
93 31.3693
94 4.13392
95 37.5396
96 1.28688
97 5.72153
98 1.83394
99 12.6225
100 0.714306
101 15.9163
102 16.6109
103 16.2374
104 5.35179
105 3.90594
106 0.0965097
107 21.5805
108 0.303878
109 11.5239
110 1.0393
111 0.142861
112 0.26445
113 1.01385
114 7.41638
115 2.73654
116 78.8368
117 24.3656
118 110.244
119 66.3337
120 28.8659
121 35.1589
122 20.4661
123 18.3609
124 0.723823
125 0.772078
126 0
127 1.65792
128 0
129 1.03011
130 2.08314
131 0.161017
132 3.3956
133 3.55084
134 1.31393
135 52.9304
