VARIANT	HELIX	TURNS	COILS	THREE-TEN	BETA	ISOLATED	RMSD	HBONDS	SASA	WATERS	FOLDX	CONSERVATION	HYDROPHOBICITY	CLASS	TRAFFICKING
a32t	21.1567	21.2058	14.4202	3.29401	39.6439	0.279349	1.2356	66.7186	6473.83	1479.93	3.76331	-0.549	-0.43	1	1
a57p	20.429	21.8332	14.5935	3.53135	39.469	0.144014	1.28151	66.0936	6477.76	1526.79	-0.764827	-0.312	-0.32	0	1
a78p	20.8206	21.3096	14.5379	3.19232	39.919	0.220522	1.12505	65.8526	6479.56	1474.41	0.759351	1.487	-0.32	1	1
#a80p	18.9319	22.6432	14.7765	3.64087	39.7344	0.273027	1.17794	65.5266	6491.29	1484.7	3.56022	1.065	-0.32	-1	-1
a85v	20.8686	21.4237	14.6775	3.12031	39.6774	0.232523	1.1645	65.4562	6544.62	1492.34	2.43041	-0.518	0.29	1	1
c108r	22.1452	21.1476	15.3975	2.75727	38.2283	0.324033	1.58552	62.7131	6753.12	1548.93	6.95832	0.745	-1.84	1	0
c64a	21.0711	21.4596	13.8794	3.0033	40.3511	0.235524	1.01754	67.249	6446.15	1452.7	-0.144642	-0.808	0.21	1	1
c64f	21.7357	20.624	15.1065	2.57426	39.757	0.20252	1.26379	65.4668	6485.28	1465.89	16.7697	-0.808	0.57	1	0
c64i	20.9241	21.0906	14.7525	3.40084	39.544	0.288029	1.25636	66.0139	6506.41	1449.39	0.781047	-0.808	0.69	1	1
c64l	21.1251	20.378	16.0876	2.51575	39.6729	0.220522	1.28075	65.17	6559.95	1488.46	0.982364	-0.808	0.49	1	1
c64m	21.0951	21.4596	14.2484	2.9703	40.0495	0.177018	1.18057	66.8778	6454.97	1468.24	0.754805	-0.808	0.22	1	1
c64w	20.8776	20.9911	14.8945	3.0388	39.849	0.349035	1.22834	66.2147	6471.69	1470.75	13.21	-0.808	0.33	1	0
c64w-c39g	21.2916	20.9076	14.769	3.0183	39.346	0.667567	1.22554	66.4515	6474.03	1490.79	14.72	-0.459	0.45	1	1
q61g-c64w	20.5236	21.3186	14.676	3.12181	40.1425	0.217522	1.24156	66.3758	6432.82	1446.47	26.36	-1.404	1.18	0	1
c64y	20.9481	21.4581	14.0819	3.12331	40.2355	0.153015	1.2025	66.9117	6479.13	1466.19	17.5871	-0.808	-0.02	1	1
c66g	22.1767	23.4939	15.7051	0.960099	37.3792	0.285028	1.62598	62.676	6707.41	1513.49	0.67629	-0.808	0.12	1	0
#d102a	21.0411	21.3681	14.2679	3.09181	40.0465	0.184518	1.07824	64.2769	6479.92	1457.09	2.3539	1.032	0.97	-1	-1
e130k	21.0861	21.6142	14.7015	3.10231	39.2289	0.267026	1.3392	65.4436	6557.47	1483.57	-0.817749	2.323	-0.48	0	1
e58a	20.4005	21.6186	14.3609	3.62436	39.7945	0.20102	1.15399	64.6182	6495.43	1489.55	0.394577	-0.851	0.87	1	1
e58d	20.7336	21.5751	14.1194	3.12481	40.2775	0.169517	1.11577	66.6009	6450.36	1442.91	-0.914945	-0.851	-0.1	0	1
e58g	19.571	21.9502	13.9709	4.0399	40.2985	0.169517	1.11477	64.7019	6487.17	1481.31	1.28044	-0.851	0.78	1	0
e58k	20.213	21.6937	14.0174	3.59736	40.3015	0.177018	1.11196	65.7629	6525.78	1479.77	0.109346	-0.851	-0.48	1	1
f106l	21.2376	21.5617	14.8035	2.9853	39.1599	0.252025	1.27049	65.593	6537.51	1484.72	1.52349	1.081	-0.08	1	1
f106y	20.8971	21.3141	14.3069	3.08731	40.231	0.163516	1.13903	66.5637	6487.73	1438.2	1.01773	1.081	-0.59	1	1
f125c	21.6022	20.7201	15.8026	2.85629	38.6259	0.393039	1.44904	65.8035	6419.52	1475.23	4.27481	0.824	-0.57	0	1
f29l	20.9331	21.4941	13.5553	3.12181	40.7006	0.195019	1.16764	65.4031	6448.8	1465.2	1.19173	-0.808	-0.08	1	1
f68l	22.4182	20.627	14.889	2.44224	39.3834	0.240024	1.29736	64.9236	6527.19	1494.17	1.80861	-0.819	-0.08	1	1
f98s	21.0966	21.0186	14.661	3.20582	39.7165	0.30153	1.15146	66.405	6505.05	1466.93	4.79836	-0.819	-0.87	1	0
g53d	20.4561	22.0597	13.5824	3.44735	40.348	0.106511	1.20569	66.0624	6441.09	1468.86	6.53967	-0.811	-0.88	1	0
g53r	20.8191	21.1551	13.9139	3.47885	40.4381	0.195019	1.08965	68.4847	6455.61	1484.2	2.79711	-0.811	-1.96	1	1
g71r	20.9391	22.2682	13.9709	2.59676	39.9685	0.256526	1.42578	64.824	6617.3	1498.07	6.27463	-0.821	-1.96	1	0
h70n	21.0726	21.4732	13.9784	2.9958	40.3406	0.139514	1.03305	66.419	6489.01	1447.85	0.528002	-0.009	-0.24	1	1
h70r	21.2076	21.5677	14.2649	2.75128	40.0345	0.174018	1.03439	66.5412	6537.02	1477.49	-0.749489	-0.009	-1.4	1	1
i30t	20.5821	21.6757	14.1359	3.0423	40.414	0.150015	1.17411	66.3971	6445.4	1453.41	1.84834	-0.109	-0.91	-1	1
i31s	21.0606	21.1941	14.3009	3.12481	40.099	0.220522	1.0901	66.4117	6475.34	1457.89	3.9421	-0.34	-0.99	1	0
i42n	20.8431	21.6389	14.3069	3.27633	39.7225	0.212271	1.22986	66.6663	6477.79	1464.08	1.52058	-0.587	-1.37	1	1
i42n-q61g	20.7891	21.4686	13.9754	3.34383	40.2865	0.136514	1.08454	67.2802	6411.1	1435.57	-0.61	-1.183	-0.52	0	1
i96t	21.2166	21.0261	14.703	3.20432	39.592	0.258026	1.33621	67.9296	6393.43	1458.9	3.5681	-0.142	-0.91	1	1
#i96v	21.0186	20.9976	14.4419	3.07081	40.291	0.180018	1.14291	66.8612	6431.08	1476.81	0.755136	-0.142	-0.19	-1	-1
k101e	22.1077	20.7756	14.763	2.52776	39.5245	0.30153	1.1137	65.158	6495.4	1488.08	1.19873	-0.857	0.48	1	0
k28e	20.8611	21.6142	13.6724	3.0033	40.6976	0.151515	1.13739	67.6029	6425.3	1458.62	1.51109	-0.549	0.48	1	1
l86p	16.2476	24.9777	15.0864	4.77096	38.8196	0.0979019	1.38749	65.9693	6400.32	1449.87	5.04883	-0.884	-0.6	1	0
l86r	19.1724	22.4668	15.3924	3.37105	39.534	0.0635042	1.1554	67.6927	6606.29	1483.97	3.57102	-0.884	-2.33	1	0
l87p	19.0654	23.7744	14.0639	3.44134	39.445	0.210021	1.26601	65.3466	6428.22	1449.74	3.98491	0.817	-0.6	1	0
m124r	21.4597	21.0621	14.6055	3.10981	39.4899	0.273027	1.19262	66.595	6478.72	1482.55	1.19645	0.038	-2.06	1	1
m124t	20.9631	21.2016	14.3339	3.34233	39.895	0.264026	1.16304	66.9349	6458.74	1478.37	4.57214	0.038	-0.44	1	1
n33t	20.8896	21.1641	14.2394	3.12031	40.411	0.175518	1.09686	66.8845	6464.02	1463.35	0.319561	-0.888	0.46	0	1
p114s	21.3126	21.2196	14.2649	2.9643	39.952	0.286528	1.14575	66.996	6464.29	1459.95	3.55304	0.002	-0.19	1	1
p72l	21.8317	20.4951	15.1545	2.87129	39.2739	0.373538	1.13613	65.7523	6534.25	1456.42	1.15607	-0.007	0.6	1	1
p72q	21.0426	21.3516	14.1929	3.11731	40.0825	0.213021	1.11522	66.7736	6518.71	1500.73	1.31585	-0.007	-0.62	1	1
r100g	20.7996	21.6997	15.2851	3.10381	38.9589	0.153015	1.44379	63.2875	6625.52	1509.36	3.28634	0.241	1.96	1	1
r100q	21.0276	20.8806	15.4726	2.93579	39.4779	0.205521	1.39875	63.0976	6631.04	1512.5	3.50506	0.241	1.11	1	0
r100w	21.0321	21.4552	14.6715	2.87579	39.7674	0.19802	1.15998	62.7908	6591.32	1508.4	5.31926	0.241	2.17	1	0
r56q	21.0111	21.2916	14.1644	3.12181	40.183	0.228023	1.15363	65.7815	6449.55	1433.97	0.202504	-0.863	1.11	0	1
s26i	21.3711	20.9811	14.3849	2.88629	40.09	0.286529	1.02551	66.5598	6491.37	1439.76	-0.0732779	-0.302	0.99	1	1
s55l	21.1056	20.9661	14.7345	3.35133	39.5515	0.291029	1.17887	65.4256	6510.33	1460.54	0.545646	0.344	0.79	-1	0
t65p	21.5061	20.561	15.225	2.91779	39.3594	0.430543	1.11979	64.4675	6548.34	1487.56	-1.28674	0.807	0.11	-1	1
t74m	20.6331	21.5092	14.1824	3.0048	40.5716	0.09901	1.40829	64.836	6544.11	1497.53	1.34136	-0.632	0.44	1	0
t74p	19.9098	22.1214	15.1554	2.5862	40.1751	0.0521373	1.95569	63.046	6524.49	1528.51	8.75553	-0.632	0.11	1	0
t74r	21.3666	21.4462	15.5775	2.44525	38.9529	0.211521	1.62377	63.6056	6715.13	1523.95	3.78942	-0.632	-1.62	1	0
v113e	19.4626	22.3732	15.1886	3.24176	39.6835	0.0502696	1.19042	66.8233	6681.07	1493.72	1.18766	0.108	-1.16	0	1
v113g	19.4518	22.1273	15.5855	3.30074	39.4655	0.0691174	1.19173	67.2213	6631.35	1457.69	2.4472	0.108	-0.38	1	1
v113p	18.9211	22.9711	19.0338	3.65593	35.2542	0.163787	1.47576	64.7813	6455.16	1520.39	7.7445	0.108	-0.61	1	0
v115m	20.6691	21.4297	14.2424	3.24332	40.2655	0.150015	1.10615	67.3041	6461.97	1470.92	-0.180915	0.357	-0.28	0	1
v41a	21.4881	21.3501	14.7585	2.9868	39.0639	0.352535	1.21587	65.3559	6472.48	1452.53	2.42469	-0.592	-0.29	1	0
v41f	20.3517	22.2383	15.1347	3.05259	38.6762	0.546483	1.41968	65.6904	6466.67	1461.02	11.5583	-0.592	0.07	1	0
v41f-c64a	19.8125	21.9352	14.9535	3.18482	39.655	0.459046	1.30318	65.6467	6491	1467.15	9.66	-1.4	0.28	1	0
v41f-c64g	20.3976	22.4393	14.844	3.08281	38.5359	0.70057	1.32703	66.3473	6425.18	1419.31	8.55	-1.4	0.19	-1	0
v41f-q61g	20.6511	22.5398	15.6285	2.9733	37.6208	0.586559	1.6446	65.8227	6459.97	1460.17	9.06	-1.188	0.92	1	0
v41i	20.9331	21.4446	14.4344	3.0123	40.0525	0.123012	1.12384	66.5027	6511.91	1458.45	-0.858324	-0.592	0.19	1	0
v41m	21.3606	21.5046	15.0675	3.14131	38.6454	0.280528	1.29757	65.3539	6537.35	1479.67	0.640092	-0.592	-0.28	0	1
v41w	20.2835	22.6898	15.2535	3.05281	37.8668	0.853585	1.2625	64.9874	6419.11	1467.24	18.4262	-0.592	-0.17	1	0
v41y	21.1071	22.3297	15.0765	2.84278	38.2148	0.429043	1.36698	65.2722	6528.91	1451.32	15.3341	-0.592	-0.52	1	0
v94g	21.3471	21.1671	14.3579	2.88329	39.9415	0.30303	1.15005	67.0823	6481.89	1478.32	4.51959	0.858	-0.38	1	0
wt	19.4789	21.9577	14.7117	3.29257	40.5025	0.056664	1.09132	66.774	6568.87	1445.16	0	0	0	0	1
y43c	21.0411	21.3291	14.3204	2.88329	40.1875	0.238524	1.14731	65.0498	6467.45	1473.23	0.73426	-0.802	0.02	1	0
y54h	21.4147	21.2601	14.9385	2.89979	39.3144	0.172517	1.33484	65.8552	6512.28	1455.57	1.53211	0.344	-0.42	1	1
y99s	20.7861	21.7297	14.0774	2.93579	40.1815	0.289529	1.14102	65.0093	6496.94	1447.82	2.46668	-0.813	-0.28	1	1