wt	l86p	t74p	v113g	l86r	v113e	v113p	a32t	a57p	a78p	a80p	a85v	c108r	c64a	c64f	c64i	c64l	c64m	c64w	c64w-c39g	c64w-q61g	c64y	c66g	d102a	e130k	e58a	e58d	e58g	e58k	f106l	f106y	f125c	f29l	f68l	f98s	g53d	g53r	g71r	h70n	h70r	i30t	i31s	i42n	i42n-q61g	i96t	i96v	k101e	k28e	l87p	m124r	m124t	n33t	p114s	p72l	p72q	r100g	r100q	r100w	r56q	s26i	s55l	t65p	t74m	t74r	v115m	v41a	v41f	v41f-c64a	v41f-c64g	v41f-q61g	v41i	v41m	v41w	v41y	v94g	y43c	y54h	y99s
2.10	2.95	2.96	2.25	2.09	2.21	2.82	2.01	1.92	2.43	1.90	1.92	3.26	2.03	2.15	2.19	2.57	2.30	2.06	2.36	2.42	2.48	2.74	1.94	2.13	2.47	2.30	2.18	2.46	2.25	1.94	2.41	2.95	2.12	2.23	2.88	2.08	2.24	1.93	2.07	2.23	2.28	2.71	2.45	2.28	2.09	2.31	2.52	2.37	2.39	2.53	2.15	2.29	1.95	1.82	2.13	2.58	2.08	2.47	1.68	2.16	2.24	2.47	2.25	1.86	2.56	2.76	2.44	2.51	2.83	2.01	2.43	2.86	2.32	1.80	2.57	2.76	2.58
1.12	1.96	1.90	1.26	1.14	1.21	1.89	0.95	1.04	1.04	0.99	1.05	2.05	1.13	1.00	1.19	1.12	1.04	0.99	0.99	1.02	1.06	1.25	0.99	1.15	1.18	1.28	1.10	1.07	1.09	1.12	1.17	2.12	1.06	1.10	1.16	0.95	1.14	1.02	1.05	1.44	1.21	1.32	1.05	1.13	1.08	1.20	1.42	1.01	1.14	1.18	1.13	1.12	1.05	1.01	1.22	1.43	1.06	1.36	0.99	1.07	1.07	1.23	1.18	0.97	1.18	1.10	1.19	1.09	1.75	1.02	1.24	1.47	0.93	0.94	1.42	1.49	1.10
0.47	1.28	1.30	0.51	0.50	0.49	1.34	0.49	0.49	0.48	0.49	0.50	1.10	0.48	0.51	0.52	0.55	0.52	0.49	0.50	0.48	0.50	0.66	0.49	0.58	0.52	0.51	0.50	0.57	0.55	0.51	0.56	0.68	0.53	0.51	0.51	0.46	0.54	0.47	0.49	1.06	0.52	0.60	0.48	0.56	0.50	0.60	0.50	0.50	0.52	0.52	0.49	0.53	0.49	0.51	0.63	0.65	0.47	0.58	0.47	0.53	0.52	0.57	0.56	0.47	0.58	0.58	0.52	0.53	1.01	0.49	0.55	0.61	0.52	0.46	0.57	0.73	0.55
0.47	1.06	1.05	0.51	0.50	0.48	1.16	0.51	0.48	0.48	0.47	0.50	0.81	0.47	0.50	0.55	0.52	0.54	0.45	0.53	0.47	0.52	0.66	0.49	0.54	0.56	0.56	0.49	0.58	0.52	0.50	0.61	0.84	0.49	0.50	0.52	0.47	0.52	0.45	0.53	0.89	0.63	0.64	0.48	0.56	0.50	0.58	0.52	0.49	0.51	0.58	0.51	0.56	0.48	0.49	0.59	0.70	0.49	0.61	0.46	0.54	0.50	0.58	0.56	0.46	0.58	0.62	0.57	0.53	0.89	0.48	0.57	0.75	0.51	0.47	0.67	0.68	0.57
0.52	0.96	0.90	0.54	0.52	0.52	1.09	0.51	0.53	0.53	0.53	0.55	0.65	0.50	0.55	0.54	0.54	0.52	0.50	0.53	0.51	0.52	0.61	0.53	0.57	0.56	0.59	0.52	0.54	0.55	0.51	0.65	0.68	0.53	0.54	0.54	0.51	0.56	0.51	0.53	0.66	0.63	0.61	0.53	0.54	0.55	0.53	0.56	0.56	0.53	0.57	0.53	0.54	0.54	0.54	0.59	0.63	0.52	0.56	0.51	0.56	0.52	0.52	0.54	0.51	0.59	0.56	0.56	0.51	0.74	0.52	0.58	0.57	0.59	0.50	0.61	0.64	0.53
0.50	1.13	1.09	0.55	0.53	0.52	1.35	0.57	0.55	0.56	0.57	0.55	0.60	0.48	0.60	0.55	0.56	0.54	0.50	0.55	0.49	0.54	0.58	0.54	0.59	0.55	0.57	0.56	0.55	0.58	0.57	0.70	0.61	0.55	0.57	0.55	0.51	0.57	0.53	0.53	0.60	0.62	0.55	0.52	0.58	0.56	0.55	0.59	0.60	0.56	0.59	0.56	0.59	0.57	0.56	0.59	0.62	0.52	0.55	0.53	0.60	0.51	0.53	0.53	0.55	0.65	0.60	0.58	0.55	0.69	0.54	0.62	0.57	0.65	0.55	0.61	0.64	0.53
0.58	1.22	1.15	0.61	0.60	0.58	1.40	0.66	0.68	0.70	0.66	0.65	0.66	0.56	0.75	0.72	0.64	0.70	0.65	0.75	0.59	0.68	0.64	0.66	0.69	0.67	0.68	0.69	0.66	0.71	0.71	0.80	0.69	0.65	0.70	0.65	0.61	0.69	0.62	0.60	0.66	0.68	0.67	0.66	0.72	0.68	0.60	0.69	0.76	0.67	0.68	0.69	0.72	0.69	0.67	0.70	0.68	0.62	0.66	0.60	0.75	0.58	0.62	0.64	0.67	0.73	0.71	0.62	0.56	0.75	0.64	0.76	0.56	0.75	0.65	0.75	0.74	0.62
0.70	1.61	1.56	0.78	0.74	0.70	1.80	1.08	0.75	0.82	0.77	0.72	0.72	0.68	0.83	0.87	0.77	0.86	0.71	0.96	0.69	0.78	0.72	0.80	0.80	0.79	0.81	0.81	0.79	0.85	0.81	1.08	0.80	0.74	0.82	0.81	0.80	0.78	0.78	0.72	0.73	0.87	0.85	0.83	0.90	0.82	0.72	0.79	0.98	0.81	0.91	0.90	0.88	0.86	0.78	0.80	0.84	0.71	0.79	0.72	0.92	0.77	0.74	0.75	0.85	0.84	0.76	0.68	0.62	0.74	0.79	0.85	0.67	0.80	0.80	0.82	0.86	0.75
0.78	1.80	1.72	0.89	0.85	0.77	2.16	1.46	0.78	0.90	0.86	0.77	0.80	0.75	0.99	1.06	0.82	0.95	0.78	1.10	0.87	0.88	0.74	0.93	0.96	0.89	0.87	0.89	0.86	0.92	0.87	1.22	0.83	0.85	0.98	0.92	0.88	0.88	0.84	0.78	0.77	0.93	0.91	0.84	1.16	0.96	0.82	0.81	1.21	0.99	1.06	1.20	0.97	0.91	0.81	0.86	0.93	0.72	0.79	0.79	1.04	0.88	0.74	0.92	1.01	0.88	0.90	0.83	0.73	0.82	0.84	0.95	0.79	0.85	0.82	0.82	0.98	0.77
1.13	2.33	2.25	1.53	1.25	1.14	2.64	1.57	1.10	1.46	1.72	1.24	1.51	1.19	1.26	1.45	1.36	1.34	1.13	1.85	1.19	1.14	1.12	1.41	1.52	1.61	1.39	1.58	1.33	1.51	1.30	1.65	1.16	1.49	1.53	1.67	1.59	1.20	1.66	1.16	1.20	1.39	1.70	1.46	1.71	1.55	1.25	1.34	1.50	1.46	1.66	1.67	1.52	1.80	1.57	1.27	1.73	1.16	1.32	1.42	1.90	1.54	1.13	1.34	1.69	1.88	1.26	1.48	0.97	1.23	1.33	1.58	1.06	1.43	1.38	1.36	1.33	1.39
1.33	2.40	2.29	2.08	1.59	1.35	2.96	1.64	1.39	1.41	1.47	1.50	1.47	1.42	1.53	1.54	1.75	1.64	1.40	2.05	1.37	1.34	1.36	1.51	2.06	1.43	1.55	1.48	1.44	1.48	1.44	1.70	1.44	1.41	1.43	1.46	1.39	1.54	1.45	1.48	1.36	1.55	1.74	1.46	1.50	1.43	1.57	1.39	1.57	1.50	1.47	1.98	1.65	1.66	1.42	1.43	1.77	1.40	1.62	1.60	1.47	1.59	1.38	1.45	1.38	1.56	1.49	1.93	1.06	1.36	1.36	1.53	1.21	1.70	1.43	1.60	1.51	1.45
1.75	2.65	2.52	2.03	1.79	1.76	2.93	2.16	1.91	2.07	2.47	2.14	2.30	1.97	2.18	2.14	2.25	2.21	1.93	2.41	1.98	1.89	1.77	2.15	2.19	2.19	2.25	2.16	2.11	2.19	2.05	2.07	1.90	2.03	2.21	2.08	2.07	2.05	2.17	2.00	2.00	2.15	2.56	2.07	2.17	2.14	2.12	2.00	2.09	2.25	2.14	2.38	2.43	2.45	2.16	1.97	2.35	1.94	2.24	2.33	2.15	2.35	1.91	2.07	2.21	2.48	2.03	2.05	1.39	1.83	1.97	2.30	1.61	2.46	2.11	2.31	2.09	2.12
1.51	2.25	2.13	1.68	1.54	1.50	2.50	1.46	1.47	1.55	1.57	1.77	1.65	1.58	1.67	1.58	1.64	1.96	1.42	2.04	1.57	1.49	1.48	1.64	1.74	1.60	1.69	1.52	1.47	1.63	1.59	1.51	1.61	1.55	1.50	1.36	1.45	1.55	1.64	1.51	1.54	1.60	1.88	1.64	1.58	1.54	1.86	1.49	1.67	1.48	1.58	1.64	1.88	1.93	1.58	1.57	1.71	1.59	1.72	1.65	1.70	1.85	1.37	1.89	1.45	2.10	1.78	1.50	1.04	1.48	1.36	1.84	1.15	2.32	1.46	1.99	1.95	1.68
0.85	1.57	1.49	0.94	0.90	0.84	1.82	1.18	0.84	0.89	0.93	0.96	0.93	0.89	1.06	0.97	0.87	1.16	0.86	1.35	0.89	0.81	0.91	0.95	1.04	0.88	0.97	0.87	0.89	1.03	0.91	1.24	0.98	0.95	0.90	0.81	0.87	0.95	0.91	0.89	0.86	0.97	1.08	0.98	1.02	0.88	1.06	0.86	1.07	0.90	0.93	0.95	1.10	1.11	0.91	0.92	0.92	0.91	1.00	0.91	0.97	1.03	0.83	1.77	0.83	1.53	0.98	0.85	0.68	0.87	0.81	1.14	0.72	2.11	0.94	1.34	1.66	0.95
0.76	1.44	1.41	0.80	0.76	0.77	1.62	1.02	0.76	0.79	0.87	0.86	0.80	0.75	0.94	0.90	0.78	1.01	0.79	1.16	0.71	0.83	0.80	0.84	0.87	0.77	0.91	0.75	0.81	0.98	0.82	0.96	0.96	0.86	0.81	0.75	0.76	0.86	0.79	0.80	0.80	0.87	0.85	0.82	0.89	0.80	0.97	0.83	1.02	0.84	0.88	0.81	0.99	1.00	0.86	0.85	0.94	0.80	0.96	0.82	0.93	0.81	0.77	0.84	0.71	1.27	0.89	0.73	0.69	0.93	0.73	1.08	0.73	1.76	0.94	0.94	1.05	0.86
0.55	1.16	1.15	0.58	0.57	0.56	1.37	0.70	0.57	0.66	0.73	0.64	0.65	0.58	0.76	0.69	0.62	0.76	0.61	0.76	0.56	0.61	0.69	0.65	0.68	0.62	0.69	0.58	0.60	0.74	0.63	0.85	0.77	0.70	0.66	0.61	0.60	0.69	0.61	0.63	0.63	0.71	0.64	0.60	0.74	0.64	0.77	0.66	0.86	0.67	0.71	0.63	0.78	0.77	0.69	0.70	0.72	0.60	0.74	0.68	0.78	0.63	0.58	0.66	0.56	0.96	0.79	0.67	0.61	0.88	0.56	0.95	0.65	1.14	0.77	0.70	0.85	0.63
0.66	1.50	1.50	0.68	0.68	0.66	1.69	0.78	0.68	0.78	0.84	0.75	0.79	0.68	0.90	0.78	0.69	0.85	0.68	0.81	0.65	0.74	0.78	0.74	0.79	0.72	0.81	0.68	0.71	0.83	0.74	1.07	0.87	0.82	0.78	0.72	0.71	0.77	0.73	0.75	0.73	0.83	0.77	0.72	0.84	0.77	0.93	0.76	0.96	0.77	0.82	0.73	0.93	0.87	0.80	0.82	0.82	0.70	0.86	0.81	0.88	0.76	0.68	0.78	0.67	1.08	0.87	0.78	0.73	0.90	0.67	1.04	0.74	1.05	0.88	0.81	0.95	0.73
0.64	1.42	1.44	0.67	0.65	0.65	1.59	0.70	0.65	0.69	0.72	0.68	0.73	0.62	0.72	0.69	0.64	0.71	0.62	0.71	0.63	0.66	0.73	0.69	0.70	0.67	0.73	0.66	0.66	0.71	0.68	0.89	0.78	0.70	0.69	0.68	0.65	0.70	0.63	0.69	0.67	0.73	0.72	0.66	0.71	0.69	0.73	0.69	0.78	0.68	0.70	0.68	0.76	0.72	0.70	0.73	0.74	0.65	0.71	0.67	0.74	0.64	0.65	0.68	0.64	0.87	0.73	0.71	0.60	0.73	0.64	0.77	0.70	0.86	0.71	0.86	0.81	0.66
0.56	1.25	1.27	0.59	0.56	0.56	1.39	0.58	0.55	0.57	0.57	0.58	0.67	0.57	0.63	0.61	0.56	0.58	0.55	0.59	0.56	0.60	0.63	0.58	0.61	0.58	0.62	0.58	0.57	0.58	0.56	0.71	0.64	0.60	0.59	0.60	0.56	0.60	0.55	0.59	0.61	0.59	0.62	0.58	0.59	0.60	0.59	0.58	0.61	0.59	0.59	0.60	0.61	0.58	0.59	0.63	0.62	0.56	0.61	0.58	0.61	0.57	0.57	0.59	0.55	0.61	0.64	0.62	0.53	0.68	0.54	0.66	0.65	0.64	0.57	0.64	0.65	0.57
0.50	1.45	1.51	0.55	0.51	0.52	1.61	0.54	0.52	0.52	0.52	0.53	0.89	0.53	0.58	0.55	0.54	0.56	0.52	0.55	0.52	0.58	0.64	0.52	0.58	0.56	0.56	0.55	0.58	0.58	0.55	0.66	0.70	0.55	0.55	0.56	0.50	0.57	0.50	0.54	0.69	0.55	0.60	0.53	0.57	0.55	0.59	0.55	0.54	0.57	0.58	0.59	0.57	0.54	0.54	0.62	0.66	0.54	0.67	0.52	0.57	0.54	0.58	0.58	0.50	0.63	0.60	0.57	0.50	0.69	0.51	0.63	0.64	0.58	0.53	0.65	0.66	0.57
0.57	1.72	1.80	0.61	0.59	0.58	1.86	0.59	0.58	0.57	0.58	0.58	0.89	0.60	0.63	0.60	0.65	0.62	0.59	0.60	0.56	0.61	0.66	0.58	0.62	0.62	0.61	0.59	0.64	0.67	0.62	0.75	0.79	0.64	0.62	0.62	0.54	0.65	0.56	0.60	0.80	0.63	0.64	0.57	0.65	0.61	0.71	0.61	0.61	0.62	0.65	0.61	0.64	0.60	0.58	0.67	0.77	0.63	0.77	0.60	0.64	0.60	0.65	0.68	0.54	0.75	0.68	0.60	0.54	0.74	0.57	0.68	0.69	0.60	0.59	0.73	0.76	0.63
0.57	1.61	1.69	0.61	0.61	0.59	1.71	0.58	0.57	0.57	0.57	0.59	1.14	0.57	0.63	0.62	0.75	0.63	0.58	0.59	0.57	0.63	0.74	0.58	0.64	0.65	0.61	0.59	0.70	0.69	0.64	0.73	1.00	0.65	0.66	0.61	0.54	0.64	0.55	0.59	0.93	0.66	0.70	0.56	0.64	0.60	0.74	0.60	0.59	0.63	0.67	0.60	0.67	0.60	0.59	0.76	0.91	0.61	0.87	0.57	0.62	0.61	0.71	0.73	0.54	0.79	0.74	0.63	0.58	0.78	0.58	0.69	0.76	0.61	0.56	0.79	0.84	0.66
0.43	1.20	1.25	0.46	0.46	0.45	1.27	0.45	0.43	0.42	0.43	0.45	0.94	0.42	0.47	0.45	0.57	0.46	0.42	0.43	0.42	0.47	0.59	0.43	0.50	0.48	0.45	0.44	0.56	0.51	0.47	0.55	0.77	0.51	0.47	0.46	0.40	0.49	0.41	0.43	0.71	0.48	0.53	0.42	0.48	0.44	0.55	0.46	0.44	0.45	0.48	0.44	0.49	0.44	0.46	0.59	0.66	0.47	0.64	0.43	0.46	0.46	0.53	0.52	0.41	0.57	0.58	0.47	0.43	0.60	0.43	0.52	0.59	0.46	0.42	0.56	0.65	0.51
0.49	1.46	1.54	0.52	0.52	0.50	1.54	0.48	0.49	0.47	0.48	0.49	0.78	0.48	0.53	0.50	0.61	0.51	0.49	0.49	0.47	0.50	0.59	0.48	0.52	0.52	0.51	0.49	0.55	0.56	0.52	0.59	0.70	0.61	0.52	0.53	0.45	0.58	0.47	0.49	0.62	0.54	0.54	0.47	0.53	0.49	0.59	0.53	0.52	0.49	0.55	0.47	0.53	0.50	0.49	0.62	0.64	0.55	0.60	0.51	0.51	0.51	0.55	0.57	0.46	0.65	0.59	0.51	0.47	0.59	0.48	0.58	0.62	0.50	0.48	0.57	0.69	0.56
0.61	1.76	1.85	0.66	0.65	0.63	1.82	0.59	0.59	0.59	0.59	0.61	1.13	0.59	0.65	0.62	0.67	0.64	0.62	0.60	0.59	0.65	0.77	0.61	0.66	0.66	0.64	0.61	0.74	0.73	0.66	0.70	1.06	0.74	0.69	0.65	0.55	0.70	0.58	0.60	0.93	0.67	0.69	0.58	0.68	0.60	0.75	0.64	0.63	0.62	0.69	0.60	0.68	0.61	0.62	0.80	0.93	0.58	0.91	0.60	0.64	0.63	0.74	0.73	0.58	0.82	0.69	0.63	0.60	0.74	0.61	0.73	0.77	0.61	0.57	0.83	0.89	0.69
0.57	1.51	1.60	0.61	0.62	0.59	1.52	0.56	0.56	0.56	0.56	0.58	1.21	0.55	0.60	0.59	0.64	0.60	0.57	0.53	0.54	0.63	0.78	0.59	0.66	0.64	0.60	0.59	0.79	0.71	0.65	0.65	1.09	0.73	0.65	0.59	0.50	0.68	0.54	0.55	0.99	0.64	0.67	0.54	0.64	0.56	0.75	0.61	0.58	0.57	0.65	0.56	0.65	0.58	0.60	0.83	0.96	0.50	0.89	0.55	0.62	0.63	0.75	0.69	0.54	0.80	0.66	0.60	0.59	0.72	0.59	0.73	0.75	0.57	0.53	0.81	0.94	0.67
0.57	1.39	1.49	0.59	0.59	0.58	1.39	0.56	0.56	0.55	0.56	0.58	0.92	0.54	0.59	0.58	0.63	0.57	0.57	0.53	0.55	0.58	0.68	0.56	0.61	0.59	0.60	0.59	0.69	0.62	0.63	0.62	0.77	0.77	0.59	0.60	0.47	0.74	0.55	0.56	0.73	0.60	0.61	0.54	0.59	0.56	0.66	0.58	0.59	0.56	0.61	0.56	0.60	0.59	0.58	0.75	0.77	0.56	0.67	0.58	0.59	0.61	0.68	0.63	0.55	0.68	0.65	0.60	0.58	0.64	0.57	0.72	0.64	0.60	0.55	0.66	0.97	0.66
0.58	1.73	1.85	0.62	0.60	0.60	1.78	0.59	0.58	0.58	0.59	0.59	0.99	0.57	0.62	0.60	0.63	0.61	0.60	0.57	0.56	0.60	0.72	0.59	0.64	0.62	0.62	0.61	0.68	0.63	0.67	0.65	0.80	0.67	0.60	0.62	0.49	0.77	0.58	0.59	0.79	0.63	0.63	0.56	0.61	0.57	0.67	0.60	0.61	0.60	0.64	0.58	0.62	0.61	0.59	0.72	0.79	0.55	0.73	0.59	0.61	0.61	0.72	0.68	0.57	0.74	0.69	0.64	0.63	0.73	0.58	0.73	0.69	0.66	0.59	0.69	0.95	0.68
0.61	1.63	1.75	0.63	0.61	0.62	1.68	0.58	0.57	0.59	0.60	0.60	0.92	0.59	0.64	0.60	0.65	0.61	0.62	0.59	0.57	0.59	0.72	0.59	0.64	0.63	0.65	0.62	0.66	0.64	0.66	0.66	0.75	0.72	0.61	0.68	0.57	0.77	0.60	0.60	0.71	0.64	0.62	0.57	0.63	0.60	0.68	0.59	0.61	0.61	0.61	0.57	0.62	0.62	0.59	0.73	0.75	0.60	0.68	0.61	0.64	0.62	0.70	0.71	0.56	0.73	0.74	0.70	0.71	0.78	0.59	0.77	0.70	0.68	0.60	0.65	0.92	0.67
0.73	1.84	1.95	0.75	0.74	0.75	1.93	0.70	0.68	0.72	0.74	0.72	0.97	0.71	0.79	0.73	0.79	0.73	0.73	0.70	0.69	0.69	0.80	0.71	0.76	0.76	0.78	0.73	0.81	0.77	0.78	0.82	0.87	0.89	0.74	0.83	0.69	0.86	0.71	0.72	0.81	0.77	0.75	0.69	0.77	0.73	0.84	0.70	0.77	0.74	0.75	0.70	0.76	0.75	0.71	0.82	0.86	0.72	0.81	0.74	0.80	0.77	0.78	0.83	0.68	0.90	0.91	0.92	0.88	0.98	0.70	0.90	0.85	0.78	0.73	0.77	1.00	0.78
0.73	1.71	1.78	0.75	0.75	0.74	1.82	0.68	0.69	0.71	0.69	0.70	0.86	0.70	0.78	0.73	0.73	0.72	0.70	0.69	0.71	0.69	0.75	0.71	0.74	0.73	0.78	0.71	0.75	0.77	0.74	0.76	0.79	0.76	0.72	0.92	0.66	0.78	0.69	0.67	0.81	0.71	0.77	0.70	0.72	0.72	0.78	0.68	0.75	0.71	0.72	0.70	0.74	0.72	0.69	0.77	0.76	0.69	0.78	0.69	0.75	0.73	0.75	0.76	0.68	0.83	0.88	1.01	0.83	0.99	0.67	0.84	0.83	0.79	0.71	0.75	0.86	0.72
0.85	1.98	2.06	0.88	0.87	0.86	2.04	0.80	0.76	0.84	0.79	0.80	0.89	0.79	0.91	0.85	0.84	0.82	0.83	0.80	0.83	0.79	0.83	0.83	0.85	0.84	0.91	0.87	0.88	0.85	0.85	0.91	0.85	0.86	0.81	0.95	0.77	0.93	0.79	0.79	0.83	0.80	0.84	0.80	0.81	0.84	0.87	0.77	0.84	0.80	0.81	0.81	0.81	0.85	0.78	0.83	0.87	0.82	0.82	0.80	0.86	0.87	0.90	0.86	0.78	0.90	0.93	0.94	0.84	1.00	0.79	0.96	0.85	0.90	0.82	0.84	0.99	0.81
0.74	1.77	1.85	0.76	0.76	0.75	1.79	0.70	0.66	0.74	0.71	0.71	0.81	0.68	0.80	0.74	0.74	0.72	0.73	0.71	0.73	0.68	0.73	0.72	0.75	0.75	0.78	0.86	0.79	0.75	0.74	0.82	0.78	0.78	0.73	0.80	0.67	0.87	0.69	0.71	0.72	0.73	0.73	0.69	0.73	0.74	0.76	0.69	0.74	0.71	0.71	0.70	0.72	0.74	0.70	0.75	0.80	0.71	0.72	0.71	0.76	0.78	0.81	0.78	0.68	0.81	0.84	0.89	0.75	0.86	0.70	0.86	0.74	0.84	0.72	0.75	0.92	0.73
0.64	1.35	1.39	0.65	0.65	0.65	1.39	0.59	0.60	0.64	0.61	0.60	0.75	0.58	0.69	0.62	0.65	0.61	0.61	0.60	0.63	0.57	0.67	0.59	0.63	0.63	0.68	0.62	0.64	0.65	0.60	0.66	0.63	0.67	0.62	0.69	0.60	0.68	0.59	0.59	0.63	0.61	0.65	0.61	0.61	0.64	0.63	0.61	0.65	0.61	0.63	0.60	0.61	0.61	0.61	0.66	0.61	0.57	0.62	0.59	0.64	0.62	0.66	0.62	0.58	0.73	0.80	0.95	0.72	0.80	0.59	0.77	0.68	0.77	0.59	0.62	0.75	0.61
0.70	1.51	1.53	0.72	0.72	0.70	1.62	0.69	0.67	0.70	0.67	0.68	0.86	0.65	0.82	0.71	0.76	0.70	0.68	0.71	0.68	0.66	0.77	0.68	0.72	0.69	0.78	0.66	0.69	0.79	0.69	0.76	0.75	0.74	0.69	0.72	0.65	0.71	0.66	0.64	0.78	0.71	0.75	0.67	0.70	0.71	0.72	0.68	0.75	0.73	0.73	0.68	0.71	0.71	0.68	0.73	0.72	0.65	0.72	0.66	0.73	0.75	0.72	0.71	0.66	0.98	0.95	1.19	0.86	0.97	0.66	0.91	0.85	0.89	0.71	0.71	0.80	0.69
0.77	1.63	1.64	0.81	0.82	0.77	1.75	1.24	0.75	1.08	1.41	1.01	1.33	1.18	1.39	1.18	1.13	1.16	1.06	1.45	0.78	1.02	1.44	1.20	1.28	1.02	1.06	0.82	0.89	1.14	0.98	1.59	1.18	1.20	1.09	0.83	0.98	1.26	0.99	1.09	0.87	1.25	1.00	0.75	1.18	1.06	1.48	0.95	1.38	1.18	1.37	0.84	1.35	1.47	1.22	0.95	1.20	1.04	1.29	1.44	1.35	1.63	0.81	1.17	0.75	1.26	1.16	1.21	0.91	0.97	0.86	1.42	0.90	1.46	1.50	0.99	1.14	1.02
0.83	1.47	1.47	0.88	0.88	0.82	1.56	0.94	0.78	0.95	1.02	0.86	1.00	0.87	1.35	1.07	1.03	1.03	1.01	1.06	0.79	0.86	0.97	0.93	0.98	0.92	0.89	0.76	0.88	0.92	0.87	1.16	0.96	0.99	0.89	0.81	0.88	0.97	0.83	0.92	0.82	0.97	0.85	0.75	0.92	0.93	1.06	0.90	1.01	0.91	0.96	0.79	1.00	1.09	0.93	0.87	0.97	0.92	0.94	0.96	1.05	1.14	0.84	0.97	0.78	0.96	0.97	0.99	0.82	0.86	0.76	1.03	0.84	1.19	1.09	0.92	1.01	0.88
0.84	1.36	1.34	0.91	0.90	0.84	1.53	0.96	0.80	0.94	0.95	0.88	0.95	0.87	1.46	1.04	1.03	1.09	0.91	1.05	0.78	0.86	1.06	0.91	0.97	0.90	0.88	0.81	0.85	0.93	0.88	1.10	0.91	0.95	0.87	0.81	0.86	0.95	0.85	0.88	0.84	0.96	0.84	0.83	0.85	0.90	1.02	0.90	1.00	0.92	0.93	0.83	1.03	1.09	0.91	0.87	0.94	0.91	0.94	0.92	1.04	1.07	0.82	0.87	0.78	0.99	0.96	0.98	0.83	0.92	0.79	1.08	0.92	1.23	1.08	0.95	1.00	0.88
0.95	1.18	1.12	1.02	0.96	0.95	1.41	0.95	0.95	1.00	0.90	0.96	0.99	0.83	1.36	1.09	0.83	1.14	0.91	1.14	0.88	0.91	1.04	0.97	1.06	1.01	0.96	0.98	1.00	1.04	0.98	1.10	1.01	0.91	0.96	0.93	0.91	0.96	0.89	0.91	0.96	1.02	0.96	0.97	0.91	0.97	0.90	0.98	1.14	0.97	0.96	0.98	1.02	1.00	0.98	1.01	0.93	0.97	1.00	0.92	1.06	1.02	0.93	0.83	0.91	1.02	0.97	0.93	0.92	1.07	0.85	1.13	0.94	1.18	1.03	1.03	1.04	0.94
1.13	1.27	1.35	1.19	1.11	1.11	1.50	1.04	1.02	1.11	0.88	0.98	1.02	0.79	1.42	1.19	0.96	1.12	1.01	1.04	1.07	0.99	1.75	1.02	1.10	1.08	1.03	1.03	1.08	1.08	1.07	1.12	1.02	0.99	0.98	0.99	0.93	1.05	0.94	0.98	0.99	1.07	0.99	1.03	0.84	1.00	0.88	1.05	1.19	1.01	0.97	1.05	1.03	1.03	1.03	1.07	1.02	1.05	1.00	0.94	1.07	0.88	1.06	0.91	0.98	1.06	1.09	1.02	0.96	1.05	0.96	1.14	1.11	1.20	1.03	1.07	1.10	1.06
0.90	1.06	1.25	0.90	0.89	0.86	1.12	0.69	0.82	0.82	0.74	0.81	1.16	0.73	1.19	0.87	0.69	0.93	0.90	0.91	1.09	0.91	2.45	0.80	0.87	0.85	0.79	0.81	0.84	0.85	0.82	0.86	0.83	0.77	0.80	0.76	0.80	1.27	0.81	0.82	0.78	0.83	0.84	0.85	0.73	0.81	0.86	0.80	0.89	0.79	0.80	0.80	0.83	0.81	0.79	0.84	0.81	0.83	0.80	0.80	0.79	0.90	0.88	0.82	0.76	0.78	0.73	0.65	0.63	0.73	0.75	0.84	0.74	0.87	0.86	0.84	0.85	0.84
0.85	1.34	1.57	0.86	0.79	0.84	1.38	0.71	0.79	0.82	0.77	0.79	1.03	0.65	0.96	0.87	0.74	0.87	0.92	0.89	1.10	0.87	1.14	0.77	0.85	0.81	0.77	0.76	0.79	0.82	0.79	0.81	0.77	0.83	0.79	0.71	0.72	1.04	0.76	0.76	0.76	0.81	0.80	0.81	0.70	0.76	0.72	0.79	0.87	0.76	0.73	0.77	0.79	0.79	0.77	0.86	0.80	0.77	0.76	0.75	0.78	0.84	0.95	0.87	0.74	0.76	0.79	0.77	0.68	0.71	0.76	0.82	0.74	0.88	0.78	0.81	0.94	0.86
0.80	1.43	1.76	0.82	0.77	0.80	1.42	0.71	0.74	0.77	0.78	0.75	0.80	0.69	0.88	0.81	0.68	0.81	0.84	0.80	0.97	0.79	1.05	0.74	0.82	0.77	0.73	0.74	0.77	0.77	0.77	0.85	0.76	0.87	0.79	0.72	0.71	1.01	0.74	0.77	0.77	0.78	0.76	0.75	0.74	0.75	0.74	0.77	0.81	0.74	0.73	0.74	0.75	0.76	0.74	0.86	0.83	0.75	0.75	0.74	0.77	0.78	0.94	0.90	0.72	0.74	0.74	0.74	0.62	0.66	0.72	0.78	0.81	0.82	0.78	0.77	0.96	0.90
0.60	1.25	1.68	0.63	0.60	0.61	1.20	0.56	0.61	0.61	0.61	0.64	0.65	0.58	0.68	0.60	0.56	0.66	0.62	0.61	0.60	0.63	0.72	0.60	0.69	0.62	0.60	0.62	0.63	0.66	0.63	0.67	0.63	0.75	0.62	0.58	0.60	0.97	0.60	0.62	0.60	0.62	0.65	0.62	0.62	0.62	0.59	0.60	0.62	0.59	0.60	0.60	0.63	0.62	0.59	0.69	0.67	0.63	0.62	0.58	0.62	0.63	0.70	0.73	0.58	0.60	0.56	0.53	0.48	0.56	0.58	0.66	0.55	0.66	0.60	0.61	0.73	0.71
0.67	1.48	2.10	0.68	0.64	0.67	1.47	0.61	0.69	0.69	0.65	0.73	0.76	0.62	0.72	0.68	0.65	0.73	0.66	0.65	0.65	0.65	0.73	0.66	0.74	0.67	0.69	0.68	0.66	0.74	0.68	0.69	0.71	0.78	0.67	0.62	0.66	0.97	0.64	0.66	0.67	0.68	0.71	0.68	0.67	0.68	0.62	0.66	0.73	0.66	0.66	0.66	0.70	0.68	0.66	0.71	0.70	0.66	0.67	0.61	0.68	0.65	0.92	0.94	0.64	0.66	0.64	0.62	0.56	0.61	0.64	0.74	0.63	0.72	0.67	0.69	0.71	0.75
0.75	1.89	2.75	0.77	0.74	0.76	1.90	0.70	0.78	0.78	0.75	0.81	0.92	0.71	0.79	0.77	0.73	0.83	0.71	0.73	0.69	0.71	0.77	0.74	0.83	0.77	0.79	0.77	0.77	0.87	0.76	0.77	0.81	1.25	0.78	0.71	0.74	1.20	0.68	0.70	0.75	0.77	0.81	0.77	0.80	0.79	0.70	0.74	0.81	0.74	0.75	0.74	0.78	0.77	0.76	0.82	0.78	0.75	0.75	0.68	0.79	0.73	1.49	1.40	0.74	0.75	0.71	0.71	0.69	0.70	0.72	0.84	0.74	0.81	0.78	0.79	0.80	1.04
0.83	2.24	3.62	0.85	0.85	0.84	2.26	0.80	0.85	0.87	0.86	0.89	1.38	0.82	0.89	0.84	0.83	0.91	0.79	0.81	0.78	0.78	0.88	0.82	0.93	0.85	0.87	0.85	0.86	0.99	0.85	0.89	0.90	1.58	0.89	0.83	0.83	1.62	0.78	0.80	0.82	0.86	0.90	0.85	0.93	0.90	0.82	0.86	0.86	0.83	0.84	0.82	0.86	0.88	0.86	0.92	0.86	0.80	0.86	0.79	0.88	0.83	2.12	1.90	0.83	0.85	0.81	0.79	0.82	0.82	0.81	0.91	0.85	0.89	0.87	0.88	0.89	1.24
0.66	2.07	3.33	0.68	0.70	0.67	2.07	0.69	0.69	0.72	0.71	0.73	1.79	0.68	0.73	0.70	0.69	0.72	0.67	0.66	0.67	0.68	0.76	0.68	0.76	0.70	0.70	0.70	0.70	0.86	0.71	0.74	0.72	1.42	0.72	0.69	0.67	1.68	0.68	0.69	0.66	0.69	0.74	0.69	0.80	0.73	0.70	0.72	0.70	0.70	0.71	0.66	0.70	0.71	0.71	0.77	0.74	0.65	0.71	0.68	0.71	0.69	2.36	2.80	0.68	0.71	0.68	0.67	0.68	0.72	0.68	0.72	0.72	0.73	0.73	0.73	0.75	0.98
0.56	1.67	3.73	0.60	0.59	0.58	1.65	0.53	0.55	0.61	0.59	0.59	1.05	0.54	0.60	0.55	0.55	0.59	0.54	0.53	0.55	0.55	0.62	0.55	0.61	0.56	0.58	0.57	0.56	0.66	0.58	0.59	0.59	0.86	0.59	0.55	0.54	1.27	0.55	0.57	0.54	0.55	0.58	0.53	0.67	0.59	0.54	0.54	0.60	0.56	0.55	0.54	0.57	0.57	0.56	0.61	0.61	0.54	0.59	0.53	0.55	0.55	2.75	2.12	0.54	0.55	0.56	0.53	0.52	0.59	0.54	0.60	0.52	0.58	0.62	0.59	0.59	0.74
0.81	1.87	3.29	0.87	0.85	0.82	1.84	0.79	0.81	0.89	0.85	0.86	1.07	0.72	0.89	0.75	0.67	0.86	0.71	0.76	0.76	0.75	0.79	0.79	0.91	0.82	0.88	0.83	0.79	0.90	0.82	0.86	0.80	1.24	0.85	0.77	0.77	1.34	0.73	0.73	0.78	0.81	0.79	0.78	0.87	0.86	0.69	0.82	0.89	0.82	0.78	0.81	0.80	0.77	0.80	0.84	0.79	0.74	0.89	0.70	0.83	0.76	2.20	2.16	0.78	0.82	0.79	0.74	0.71	0.82	0.77	0.83	0.74	0.88	0.93	0.82	0.82	1.14
1.12	2.01	2.88	1.21	1.16	1.15	1.98	1.05	1.19	1.11	1.18	1.25	1.07	0.99	1.21	0.99	0.91	1.30	0.93	1.06	0.98	1.00	0.93	1.08	1.22	1.15	1.23	1.14	1.16	1.28	1.13	1.14	1.16	1.35	1.14	1.05	1.08	1.22	0.90	0.87	1.10	1.15	1.10	1.09	1.32	1.21	0.87	1.12	1.26	1.10	1.07	1.16	1.11	1.05	1.13	1.15	1.03	1.00	1.13	0.88	1.15	0.99	1.75	1.73	1.11	1.12	1.01	1.02	1.01	0.99	1.06	1.18	0.98	1.10	1.35	1.17	1.13	1.24
1.07	2.16	2.66	1.17	1.18	1.10	2.07	1.00	1.15	1.01	1.66	1.14	1.00	0.91	1.14	0.98	0.89	1.26	0.89	1.00	0.91	0.95	0.90	1.03	1.19	1.10	1.17	1.08	1.13	1.22	1.09	1.07	1.09	1.32	1.12	1.03	1.01	1.13	0.82	0.80	1.02	1.08	1.07	1.07	1.28	1.15	0.81	1.07	1.22	1.04	1.01	1.13	1.07	1.00	1.07	1.11	0.97	0.94	1.07	0.82	1.14	0.94	1.63	1.85	1.06	1.05	1.00	0.99	0.99	0.99	0.99	1.15	0.98	1.09	1.30	1.10	1.09	1.16
0.78	1.82	2.24	0.89	0.92	0.79	1.59	0.70	0.75	0.73	1.41	0.74	0.84	0.63	0.83	0.72	0.63	0.82	0.66	0.68	0.67	0.70	0.68	0.72	0.84	0.74	0.86	0.73	0.80	0.88	0.73	0.82	0.73	1.12	1.04	0.82	0.69	1.01	0.61	0.62	0.69	0.72	0.74	0.74	1.23	1.09	0.61	0.73	0.79	0.70	0.69	0.73	0.73	0.70	0.73	0.75	0.70	0.66	0.85	0.61	0.77	0.67	1.45	1.80	0.73	0.72	0.71	0.68	0.66	0.72	0.69	0.76	0.67	0.83	1.07	0.85	0.76	1.04
0.83	1.60	1.89	0.92	0.93	0.85	1.41	0.75	0.81	0.81	1.61	0.88	0.79	0.69	0.93	0.75	0.66	0.94	0.71	0.76	0.72	0.76	0.69	0.77	0.87	0.80	0.92	0.79	0.87	0.93	0.77	0.88	0.80	0.99	1.05	0.89	0.78	1.01	0.67	0.67	0.77	0.79	0.77	0.79	1.11	1.18	0.64	0.79	0.85	0.77	0.76	0.79	0.79	0.75	0.79	0.79	0.75	0.72	0.90	0.66	0.84	0.73	1.23	1.29	0.79	0.80	0.75	0.72	0.69	0.72	0.76	0.81	0.74	0.85	1.13	0.90	0.82	0.96
0.89	1.93	1.82	0.95	0.98	0.90	1.73	0.82	0.91	0.87	1.00	0.94	0.83	0.74	0.97	0.89	0.80	1.07	0.77	0.85	0.79	0.82	0.76	0.85	0.96	0.89	0.92	0.87	0.94	0.97	0.86	0.98	0.88	0.95	0.90	0.92	0.87	0.85	0.72	0.74	0.85	0.86	0.89	0.90	0.96	0.99	0.72	0.87	1.03	0.84	0.85	0.93	0.91	0.84	0.87	0.91	0.81	0.79	0.89	0.74	0.98	0.83	1.03	0.99	0.87	0.86	0.88	0.85	0.85	0.85	0.81	0.97	0.91	0.90	1.07	0.88	0.93	0.87
0.76	1.90	1.76	0.79	0.88	0.75	1.61	0.69	0.72	0.74	0.87	0.74	0.82	0.64	0.84	0.77	0.70	0.87	0.70	0.71	0.71	0.74	0.69	0.71	0.77	0.72	0.77	0.71	0.79	0.77	0.70	0.84	0.73	0.92	0.73	0.79	0.73	0.74	0.64	0.66	0.70	0.71	0.74	0.75	0.86	0.78	0.66	0.71	0.82	0.70	0.70	0.74	0.77	0.71	0.72	0.74	0.70	0.68	0.76	0.65	0.79	0.72	1.03	0.95	0.72	0.72	0.73	0.71	0.71	0.74	0.68	0.80	0.75	0.77	1.14	0.74	0.78	0.81
0.68	1.69	1.31	0.70	0.89	0.68	1.23	0.60	0.60	0.66	0.74	0.67	0.73	0.57	0.80	0.67	0.59	0.79	0.64	0.67	0.65	0.71	0.60	0.61	0.66	0.64	0.69	0.61	0.70	0.67	0.60	0.75	0.65	0.72	0.69	0.73	0.67	0.75	0.59	0.60	0.63	0.63	0.62	0.64	0.79	0.74	0.60	0.61	0.74	0.61	0.62	0.62	0.65	0.65	0.62	0.62	0.63	0.62	0.71	0.60	0.67	0.63	0.82	0.83	0.63	0.64	0.64	0.59	0.55	0.62	0.62	0.67	0.63	0.67	0.94	0.67	0.68	0.67
0.82	2.05	1.56	0.86	1.08	0.82	1.60	0.75	0.77	0.80	0.80	0.80	0.77	0.67	0.95	0.87	0.75	1.00	0.75	0.84	0.75	0.83	0.71	0.76	0.84	0.80	0.84	0.77	0.87	0.84	0.76	1.00	0.79	0.81	0.82	0.94	0.83	0.85	0.69	0.70	0.78	0.78	0.79	0.80	0.90	0.90	0.70	0.79	1.08	0.77	0.79	0.83	0.81	0.79	0.78	0.80	0.74	0.73	0.83	0.71	0.90	0.78	0.87	0.88	0.78	0.80	0.83	0.80	0.77	0.78	0.74	0.85	0.90	0.81	0.95	0.79	0.88	0.73
0.83	2.14	1.91	0.85	1.12	0.84	1.88	0.74	0.76	0.79	0.84	0.77	0.85	0.71	0.89	0.87	0.81	0.90	0.76	0.80	0.81	0.80	0.77	0.76	0.81	0.78	0.81	0.76	0.85	0.80	0.76	0.99	0.79	0.92	0.78	0.92	0.81	0.81	0.72	0.75	0.79	0.77	0.80	0.80	0.88	0.85	0.75	0.78	0.98	0.77	0.77	0.79	0.82	0.80	0.78	0.80	0.76	0.74	0.80	0.73	0.89	0.82	0.96	0.92	0.76	0.80	0.83	0.81	0.81	0.83	0.74	0.87	0.93	0.80	0.96	0.78	0.86	0.81
0.78	2.15	1.74	0.81	1.19	0.80	1.65	0.68	0.66	0.71	0.80	0.71	0.81	0.67	0.87	0.73	0.71	0.89	0.72	0.78	0.76	0.78	0.71	0.69	0.71	0.72	0.73	0.69	0.75	0.70	0.70	0.85	0.76	0.86	0.71	0.81	0.75	0.76	0.68	0.69	0.74	0.72	0.70	0.70	0.78	0.74	0.72	0.69	0.81	0.70	0.71	0.68	0.76	0.74	0.71	0.70	0.71	0.70	0.74	0.70	0.75	0.74	0.93	0.84	0.69	0.75	0.72	0.67	0.65	0.73	0.69	0.77	0.71	0.73	0.90	0.76	0.78	0.78
0.82	3.04	1.70	0.90	1.31	0.86	1.76	0.70	0.71	0.76	0.83	0.75	0.77	0.65	1.08	0.84	0.70	1.13	0.74	0.95	0.80	0.95	0.70	0.72	0.77	0.78	0.81	0.75	0.82	0.77	0.76	1.08	0.81	0.82	0.78	0.93	0.82	0.83	0.69	0.69	0.77	0.77	0.73	0.73	0.91	0.83	0.71	0.74	0.93	0.75	0.79	0.75	0.77	0.79	0.75	0.73	0.72	0.72	0.81	0.72	0.81	0.73	0.95	0.87	0.75	0.76	0.73	0.69	0.62	0.71	0.73	0.79	0.70	0.76	0.96	0.78	0.84	0.74
1.07	3.67	2.30	1.19	1.55	1.14	2.25	0.88	0.85	0.89	1.05	0.88	0.94	0.83	1.17	1.01	0.85	1.17	0.85	1.02	0.91	0.99	0.91	0.88	0.93	0.93	0.95	0.89	0.99	0.92	0.90	1.36	0.98	1.08	0.98	1.07	0.95	1.01	0.86	0.86	0.95	0.94	0.90	0.86	1.10	1.02	0.89	0.88	1.08	0.91	0.94	0.86	0.95	0.93	0.92	0.90	0.86	0.85	0.97	0.89	0.98	0.90	1.16	1.05	0.88	0.92	0.90	0.86	0.84	0.95	0.86	0.99	0.96	0.91	1.15	0.92	0.99	0.97
1.32	3.68	2.62	1.43	1.80	1.43	2.38	0.91	0.84	0.93	1.09	0.94	1.03	0.87	1.11	0.94	0.87	0.97	0.84	0.93	0.90	0.89	0.93	0.88	0.93	0.93	0.93	0.93	0.96	0.90	0.91	1.24	0.98	1.13	0.98	1.10	0.95	0.99	0.90	0.89	0.97	0.93	0.89	0.85	1.04	1.00	0.93	0.88	1.10	0.92	0.93	0.85	1.01	1.00	0.92	0.93	0.93	0.93	0.97	0.92	1.01	0.98	1.22	1.14	0.86	1.00	0.99	0.91	0.88	1.00	0.86	1.14	0.96	0.90	1.09	1.04	1.03	1.04
1.87	4.54	3.52	2.52	3.40	2.41	3.00	0.84	0.76	0.92	0.91	0.93	0.99	0.74	1.01	0.80	0.76	0.95	0.77	0.90	0.80	0.87	0.78	0.78	0.83	0.83	0.84	0.87	0.84	0.81	0.81	1.13	0.82	0.87	0.89	0.98	0.86	0.85	0.76	0.77	0.87	0.81	0.76	0.75	0.91	0.90	0.77	0.77	0.87	0.81	0.86	0.77	0.92	0.98	0.79	0.84	0.85	0.88	0.84	0.79	0.94	0.91	0.91	0.99	0.79	0.96	0.93	0.84	0.83	0.93	0.78	1.33	0.76	0.80	0.95	1.01	0.94	0.89
1.67	4.43	3.55	2.23	2.97	2.18	2.67	0.90	0.81	0.94	1.00	1.05	1.03	0.83	0.95	0.82	0.84	0.86	0.79	0.86	0.82	0.82	0.87	0.84	0.90	0.89	0.87	0.92	0.87	0.85	0.86	1.03	0.88	1.01	0.95	0.97	0.89	0.90	0.84	0.85	0.91	0.86	0.82	0.80	0.87	0.91	0.84	0.83	0.97	0.86	0.90	0.81	1.03	1.01	0.85	0.90	0.89	0.94	0.88	0.87	0.97	0.96	1.02	0.98	0.83	1.00	1.00	0.92	0.92	1.15	0.84	1.29	0.87	0.85	0.93	1.08	0.94	1.02
1.16	3.80	3.11	1.68	2.26	1.52	2.31	0.67	0.65	0.67	0.79	0.74	0.78	0.66	0.70	0.66	0.66	0.66	0.62	0.65	0.64	0.64	0.68	0.65	0.69	0.69	0.66	0.71	0.67	0.65	0.67	0.81	0.66	0.82	0.69	0.70	0.68	0.69	0.66	0.66	0.66	0.65	0.66	0.63	0.68	0.69	0.66	0.66	0.68	0.66	0.69	0.64	0.79	0.70	0.67	0.69	0.70	0.68	0.67	0.65	0.68	0.69	0.86	0.75	0.66	0.74	0.70	0.69	0.73	0.92	0.65	0.98	0.69	0.65	0.74	0.76	0.71	0.77
1.00	2.76	2.66	1.42	1.94	1.28	2.10	0.59	0.59	0.60	0.70	0.65	0.69	0.60	0.66	0.62	0.63	0.64	0.58	0.63	0.60	0.63	0.64	0.60	0.65	0.63	0.62	0.63	0.62	0.60	0.62	0.73	0.62	0.72	0.62	0.67	0.63	0.66	0.60	0.60	0.60	0.60	0.62	0.61	0.64	0.63	0.60	0.59	0.66	0.60	0.65	0.59	0.68	0.65	0.62	0.61	0.63	0.60	0.62	0.61	0.61	0.63	0.80	0.72	0.59	0.63	0.63	0.60	0.62	0.84	0.62	0.91	0.61	0.63	0.71	0.65	0.64	0.70
0.61	2.30	1.83	0.69	0.86	0.67	1.60	0.52	0.53	0.53	0.59	0.59	0.64	0.51	0.57	0.55	0.54	0.55	0.50	0.53	0.51	0.54	0.56	0.53	0.61	0.55	0.55	0.56	0.55	0.54	0.55	0.61	0.55	0.62	0.57	0.55	0.53	0.59	0.52	0.51	0.53	0.54	0.56	0.54	0.60	0.58	0.52	0.51	0.59	0.53	0.56	0.52	0.59	0.56	0.55	0.58	0.58	0.53	0.55	0.51	0.55	0.55	0.75	0.68	0.53	0.54	0.57	0.51	0.52	0.64	0.53	0.64	0.54	0.57	0.68	0.55	0.56	0.62
0.62	1.94	1.72	0.66	0.65	0.63	1.42	0.57	0.58	0.60	0.69	0.56	0.75	0.56	0.62	0.57	0.54	0.61	0.55	0.54	0.54	0.58	0.60	0.56	0.63	0.57	0.58	0.59	0.59	0.60	0.59	0.64	0.61	0.66	0.63	0.58	0.57	0.62	0.55	0.55	0.58	0.57	0.60	0.58	0.69	0.63	0.57	0.55	0.61	0.58	0.58	0.57	0.61	0.60	0.59	0.61	0.62	0.56	0.61	0.54	0.57	0.57	0.79	0.73	0.55	0.59	0.57	0.53	0.53	0.64	0.56	0.67	0.54	0.61	0.78	0.57	0.60	0.68
0.58	1.57	1.65	0.62	0.60	0.59	1.45	0.52	0.54	0.54	0.56	0.53	0.66	0.51	0.55	0.52	0.50	0.55	0.51	0.50	0.50	0.52	0.58	0.52	0.60	0.54	0.54	0.55	0.54	0.58	0.56	0.58	0.57	0.60	0.63	0.52	0.51	0.62	0.50	0.50	0.53	0.52	0.57	0.53	0.60	0.54	0.51	0.52	0.55	0.53	0.52	0.53	0.55	0.54	0.55	0.59	0.58	0.52	0.57	0.49	0.54	0.52	0.75	0.70	0.51	0.54	0.52	0.50	0.49	0.62	0.52	0.58	0.51	0.54	0.61	0.53	0.58	0.62
0.51	1.36	1.51	0.56	0.52	0.52	1.33	0.45	0.47	0.47	0.50	0.48	0.68	0.44	0.51	0.46	0.44	0.48	0.45	0.45	0.45	0.47	0.53	0.47	0.53	0.47	0.49	0.48	0.49	0.55	0.49	0.52	0.51	0.53	0.57	0.47	0.46	0.62	0.45	0.45	0.47	0.46	0.50	0.47	0.61	0.50	0.46	0.46	0.48	0.46	0.46	0.46	0.48	0.48	0.47	0.52	0.53	0.47	0.54	0.43	0.47	0.47	0.78	0.67	0.46	0.48	0.47	0.45	0.42	0.53	0.46	0.50	0.45	0.51	0.57	0.47	0.52	0.58
0.47	1.51	1.66	0.51	0.49	0.49	1.47	0.43	0.45	0.44	0.45	0.47	0.73	0.43	0.47	0.46	0.43	0.44	0.42	0.42	0.41	0.44	0.55	0.44	0.52	0.45	0.45	0.45	0.46	0.52	0.48	0.48	0.48	0.60	0.48	0.45	0.43	0.61	0.44	0.45	0.44	0.43	0.49	0.43	0.53	0.48	0.44	0.44	0.46	0.44	0.44	0.43	0.46	0.45	0.45	0.55	0.53	0.44	0.48	0.43	0.45	0.44	0.76	0.71	0.43	0.46	0.46	0.43	0.42	0.52	0.45	0.50	0.44	0.48	0.48	0.46	0.50	0.58
0.45	1.33	1.47	0.48	0.46	0.48	1.28	0.40	0.45	0.43	0.43	0.47	0.69	0.42	0.46	0.44	0.43	0.43	0.41	0.41	0.40	0.43	0.59	0.42	0.51	0.45	0.44	0.45	0.44	0.54	0.46	0.46	0.46	0.61	0.54	0.43	0.43	0.66	0.42	0.42	0.44	0.42	0.48	0.42	0.45	0.45	0.42	0.43	0.45	0.43	0.43	0.43	0.45	0.44	0.44	0.54	0.53	0.44	0.45	0.42	0.44	0.43	0.67	0.63	0.42	0.45	0.44	0.42	0.41	0.51	0.44	0.49	0.43	0.48	0.46	0.45	0.51	0.55
0.50	1.57	1.71	0.53	0.51	0.52	1.55	0.47	0.50	0.49	0.48	0.51	0.59	0.46	0.51	0.51	0.50	0.51	0.48	0.46	0.46	0.48	0.62	0.48	0.57	0.50	0.50	0.52	0.50	0.57	0.54	0.53	0.52	0.94	0.52	0.49	0.47	0.82	0.47	0.47	0.49	0.49	0.54	0.49	0.50	0.51	0.48	0.49	0.53	0.49	0.48	0.48	0.50	0.50	0.49	0.63	0.59	0.52	0.50	0.46	0.51	0.49	0.70	0.62	0.47	0.50	0.50	0.47	0.46	0.55	0.49	0.57	0.49	0.55	0.50	0.51	0.64	0.63
0.52	1.64	1.79	0.55	0.53	0.54	1.64	0.54	0.52	0.52	0.52	0.53	0.72	0.49	0.54	0.54	0.54	0.53	0.52	0.49	0.51	0.51	0.64	0.53	0.59	0.54	0.53	0.56	0.55	0.59	0.60	0.58	0.60	1.08	0.53	0.55	0.48	1.01	0.50	0.51	0.57	0.53	0.57	0.51	0.53	0.52	0.57	0.53	0.55	0.52	0.54	0.51	0.54	0.53	0.52	0.74	0.66	0.53	0.55	0.50	0.54	0.51	0.76	0.64	0.50	0.58	0.56	0.51	0.51	0.59	0.52	0.62	0.53	0.60	0.56	0.56	0.82	0.67
0.65	1.90	2.10	0.69	0.66	0.67	1.92	0.70	0.63	0.65	0.68	0.67	1.01	0.63	0.70	0.68	0.69	0.68	0.67	0.63	0.65	0.65	0.80	0.69	0.74	0.69	0.68	0.72	0.72	0.75	0.80	0.76	0.80	1.47	0.67	0.76	0.61	1.31	0.66	0.65	0.75	0.70	0.71	0.65	0.68	0.66	0.78	0.67	0.69	0.68	0.71	0.64	0.69	0.68	0.66	0.90	0.85	0.74	0.76	0.66	0.71	0.66	0.97	0.86	0.63	0.77	0.71	0.65	0.64	0.72	0.65	0.80	0.70	0.78	0.73	0.73	1.10	0.88
0.83	2.31	2.50	0.88	0.83	0.85	2.34	0.87	0.83	0.84	0.85	0.85	1.17	0.80	0.90	0.86	0.85	0.86	0.86	0.81	0.83	0.83	0.97	1.06	0.90	0.88	0.88	0.90	0.94	0.94	0.97	0.94	0.98	1.65	0.89	0.91	0.74	1.41	0.82	0.81	0.95	0.88	0.90	0.84	0.85	0.84	0.93	0.86	0.87	0.85	0.88	0.82	0.89	0.85	0.86	1.04	1.03	0.83	0.95	0.82	0.88	0.83	1.15	1.02	0.82	0.96	0.86	0.82	0.81	0.89	0.82	0.97	0.86	0.98	0.90	0.90	1.23	1.07
0.79	2.23	2.41	0.83	0.78	0.81	2.24	0.82	0.80	0.79	0.79	0.80	1.00	0.74	0.88	0.83	0.79	0.81	0.78	0.76	0.78	0.78	0.92	1.46	0.87	0.82	0.82	0.84	0.85	0.88	0.88	0.88	0.89	1.54	0.84	0.90	0.73	1.25	0.75	0.76	0.86	0.81	0.87	0.79	0.80	0.81	0.83	0.80	0.82	0.79	0.81	0.77	0.83	0.80	0.80	0.98	1.08	0.83	0.86	0.76	0.82	0.78	1.07	0.99	0.77	0.87	0.80	0.75	0.75	0.85	0.78	0.90	0.80	0.90	0.82	0.83	1.06	1.32
0.68	2.17	2.31	0.72	0.68	0.71	2.17	0.65	0.67	0.66	0.64	0.66	0.77	0.61	0.70	0.69	0.66	0.66	0.64	0.62	0.63	0.63	0.82	0.79	0.76	0.68	0.67	0.70	0.69	0.76	0.72	0.73	0.72	1.16	0.69	0.68	0.57	1.02	0.60	0.60	0.70	0.66	0.74	0.66	0.66	0.66	0.65	0.65	0.69	0.65	0.65	0.64	0.69	0.66	0.68	0.95	0.83	0.72	0.70	0.62	0.68	0.66	0.91	0.77	0.62	0.72	0.67	0.62	0.63	0.75	0.66	0.76	0.66	0.74	0.67	0.67	0.87	0.81
0.56	1.92	2.06	0.59	0.57	0.60	1.90	0.55	0.59	0.56	0.56	0.60	0.67	0.54	0.58	0.61	0.58	0.57	0.54	0.52	0.53	0.54	0.71	0.57	0.69	0.59	0.57	0.61	0.59	0.68	0.62	0.62	0.60	0.89	0.62	0.58	0.55	0.79	0.54	0.53	0.57	0.56	0.65	0.57	0.60	0.60	0.54	0.56	0.60	0.56	0.58	0.56	0.59	0.57	0.58	0.79	0.71	0.59	0.56	0.53	0.58	0.58	0.80	0.72	0.56	0.60	0.59	0.55	0.59	0.66	0.59	0.65	0.58	0.63	0.55	0.58	0.70	0.67
0.52	1.76	1.87	0.57	0.53	0.58	1.71	0.47	0.55	0.48	0.48	0.54	0.76	0.48	0.49	0.55	0.53	0.49	0.48	0.44	0.46	0.47	0.76	0.51	0.67	0.53	0.49	0.56	0.51	0.75	0.56	0.54	0.54	0.64	0.54	0.50	0.47	0.68	0.48	0.48	0.49	0.50	0.58	0.48	0.53	0.51	0.47	0.49	0.55	0.49	0.51	0.49	0.52	0.49	0.51	0.83	0.69	0.49	0.50	0.46	0.52	0.52	0.71	0.69	0.48	0.54	0.55	0.51	0.56	0.63	0.55	0.63	0.50	0.55	0.46	0.49	0.61	0.59
0.48	1.64	1.75	0.53	0.49	0.52	1.59	0.41	0.47	0.41	0.43	0.46	0.76	0.42	0.43	0.47	0.46	0.43	0.42	0.40	0.41	0.42	0.63	0.42	0.56	0.46	0.43	0.47	0.45	0.55	0.49	0.46	0.51	0.55	0.45	0.43	0.41	0.53	0.43	0.43	0.46	0.44	0.51	0.41	0.47	0.44	0.44	0.43	0.46	0.43	0.44	0.42	0.46	0.43	0.44	0.64	0.58	0.44	0.48	0.41	0.44	0.44	0.67	0.66	0.41	0.46	0.47	0.45	0.45	0.56	0.47	0.52	0.44	0.47	0.42	0.45	0.52	0.53
0.46	1.31	1.40	0.49	0.48	0.48	1.26	0.44	0.47	0.46	0.47	0.46	0.65	0.46	0.47	0.47	0.49	0.46	0.45	0.45	0.44	0.46	0.58	0.46	0.54	0.48	0.47	0.49	0.48	0.52	0.49	0.50	0.54	0.50	0.50	0.47	0.45	0.53	0.46	0.46	0.49	0.47	0.52	0.45	0.49	0.47	0.46	0.47	0.47	0.47	0.48	0.46	0.48	0.47	0.49	0.60	0.57	0.44	0.50	0.45	0.48	0.48	0.62	0.58	0.45	0.50	0.49	0.47	0.51	0.59	0.49	0.50	0.50	0.46	0.45	0.48	0.52	0.54
0.49	1.31	1.38	0.54	0.52	0.52	1.26	0.49	0.50	0.51	0.51	0.51	0.61	0.49	0.52	0.51	0.51	0.50	0.50	0.48	0.48	0.51	0.60	0.50	0.61	0.51	0.51	0.52	0.52	0.54	0.53	0.54	0.55	0.54	0.55	0.52	0.49	0.55	0.49	0.48	0.52	0.50	0.54	0.49	0.54	0.52	0.49	0.48	0.52	0.51	0.51	0.49	0.52	0.52	0.52	0.62	0.60	0.48	0.52	0.48	0.51	0.51	0.64	0.60	0.49	0.53	0.52	0.49	0.52	0.64	0.50	0.54	0.52	0.51	0.49	0.50	0.54	0.57
0.49	1.02	1.07	0.53	0.52	0.50	1.01	0.44	0.47	0.47	0.51	0.48	0.65	0.46	0.52	0.47	0.46	0.48	0.47	0.49	0.47	0.52	0.53	0.46	0.54	0.46	0.48	0.48	0.48	0.50	0.48	0.51	0.53	0.49	0.50	0.51	0.47	0.50	0.46	0.46	0.50	0.47	0.49	0.47	0.53	0.50	0.47	0.44	0.48	0.48	0.48	0.45	0.49	0.49	0.47	0.52	0.54	0.46	0.53	0.46	0.45	0.47	0.59	0.59	0.46	0.48	0.48	0.45	0.44	0.55	0.46	0.50	0.48	0.47	0.53	0.48	0.50	0.51
0.52	1.22	1.26	0.60	0.68	0.57	1.40	0.44	0.45	0.45	0.49	0.47	0.61	0.44	0.50	0.47	0.46	0.46	0.44	0.46	0.45	0.48	0.50	0.45	0.50	0.46	0.46	0.46	0.48	0.48	0.46	0.54	0.49	0.49	0.48	0.49	0.46	0.50	0.44	0.44	0.47	0.46	0.49	0.45	0.52	0.48	0.45	0.43	0.49	0.45	0.48	0.45	0.47	0.46	0.46	0.50	0.51	0.44	0.49	0.44	0.45	0.45	0.60	0.56	0.45	0.46	0.48	0.44	0.45	0.55	0.44	0.50	0.48	0.46	0.51	0.47	0.49	0.50
0.56	1.20	1.19	0.65	0.67	0.59	1.54	0.49	0.49	0.48	0.52	0.51	0.55	0.48	0.54	0.52	0.48	0.51	0.48	0.52	0.49	0.53	0.51	0.48	0.52	0.50	0.50	0.50	0.52	0.49	0.49	0.56	0.52	0.54	0.49	0.54	0.50	0.51	0.47	0.47	0.49	0.51	0.51	0.48	0.53	0.51	0.49	0.49	0.51	0.49	0.51	0.49	0.53	0.50	0.49	0.50	0.51	0.49	0.51	0.48	0.48	0.49	0.59	0.54	0.48	0.51	0.52	0.48	0.47	0.58	0.49	0.54	0.51	0.49	0.53	0.50	0.52	0.54
0.66	1.51	1.50	1.03	0.77	0.73	2.08	0.58	0.56	0.55	0.59	0.57	0.62	0.54	0.62	0.58	0.56	0.56	0.54	0.59	0.53	0.59	0.59	0.55	0.58	0.57	0.57	0.57	0.58	0.57	0.58	0.68	0.57	0.61	0.57	0.59	0.56	0.56	0.54	0.54	0.58	0.58	0.57	0.54	0.60	0.58	0.58	0.58	0.59	0.55	0.61	0.57	0.67	0.57	0.56	0.58	0.59	0.55	0.56	0.55	0.57	0.55	0.65	0.57	0.56	0.60	0.61	0.55	0.57	0.66	0.55	0.63	0.59	0.58	0.59	0.57	0.61	0.58
0.64	1.68	1.66	0.76	0.80	0.67	3.05	0.60	0.57	0.60	0.58	0.56	0.58	0.52	0.69	0.64	0.55	0.60	0.58	0.70	0.59	0.68	0.55	0.59	0.60	0.58	0.61	0.58	0.59	0.61	0.61	0.83	0.58	0.58	0.59	0.66	0.57	0.57	0.53	0.55	0.59	0.60	0.57	0.56	0.66	0.59	0.56	0.58	0.66	0.60	0.64	0.61	0.84	0.65	0.57	0.59	0.58	0.54	0.60	0.55	0.64	0.57	0.63	0.58	0.59	0.59	0.59	0.54	0.54	0.62	0.57	0.65	0.55	0.60	0.57	0.60	0.68	0.57
0.66	1.94	1.92	0.83	0.85	0.69	3.29	0.70	0.63	0.64	0.64	0.62	0.64	0.59	0.70	0.70	0.60	0.67	0.63	0.73	0.63	0.68	0.62	0.63	0.69	0.66	0.66	0.64	0.67	0.69	0.65	0.92	0.67	0.63	0.65	0.71	0.63	0.65	0.60	0.61	0.65	0.69	0.65	0.64	0.75	0.65	0.62	0.65	0.75	0.71	0.70	0.65	0.82	0.69	0.64	0.64	0.64	0.60	0.67	0.62	0.68	0.61	0.69	0.67	0.66	0.68	0.65	0.61	0.61	0.69	0.63	0.71	0.67	0.65	0.62	0.66	0.76	0.62
0.89	2.45	2.38	1.27	1.11	0.96	3.64	1.09	0.93	0.94	0.91	0.90	0.88	0.87	1.03	1.09	0.91	1.01	0.98	1.03	0.95	1.02	0.89	0.97	1.01	0.94	1.03	0.99	0.97	1.05	1.00	1.49	0.99	0.93	0.97	1.06	0.92	1.03	0.87	0.90	0.95	1.01	0.95	0.95	1.23	1.04	0.92	0.92	1.24	1.17	1.13	1.00	1.13	0.99	0.92	0.96	0.86	0.87	0.97	0.88	1.06	0.89	0.97	1.06	1.17	0.94	1.07	0.89	0.89	0.97	0.94	1.00	1.07	0.97	0.91	0.95	1.28	0.93
1.35	2.90	2.90	1.58	1.52	1.38	4.08	1.80	1.50	1.68	1.58	1.54	1.48	1.43	1.70	1.51	1.43	1.75	1.50	1.54	1.60	1.60	1.41	1.57	1.58	1.74	1.71	1.48	1.62	1.53	1.60	2.16	1.54	1.51	1.48	1.57	1.53	1.87	1.48	1.49	1.57	1.56	1.62	1.47	1.75	1.53	1.53	1.48	1.60	1.97	1.89	1.49	1.56	1.61	1.47	1.44	1.36	1.40	1.57	1.43	1.49	1.50	1.54	1.62	1.68	1.52	1.70	1.35	1.41	1.54	1.56	1.56	1.76	1.46	1.62	1.47	1.78	1.50
2.14	3.69	3.67	2.36	2.28	2.13	5.17	2.86	2.21	2.39	2.42	2.15	2.23	2.26	2.72	2.34	2.18	2.35	2.35	2.26	2.37	2.66	2.16	2.38	2.41	2.77	2.56	2.30	2.31	2.29	2.55	3.22	2.36	2.22	2.31	2.41	2.40	2.57	2.23	2.35	2.52	2.32	2.28	2.29	2.74	2.41	2.31	2.23	2.48	2.85	2.99	2.34	2.36	2.46	2.29	2.24	2.09	2.13	2.50	2.22	2.31	2.20	2.36	2.33	2.48	2.27	2.57	2.06	2.21	2.36	2.49	2.39	2.74	2.21	2.42	2.22	2.68	2.27
2.22	3.84	3.78	2.45	2.31	2.18	5.62	2.90	2.17	2.47	2.46	2.15	2.15	2.28	2.63	2.38	2.12	2.42	2.37	2.20	2.46	2.57	2.06	2.39	2.32	2.59	2.57	2.23	2.24	2.24	2.51	3.45	2.29	2.13	2.24	2.36	2.37	2.53	2.16	2.54	2.56	2.34	2.23	2.23	2.91	2.48	2.25	2.15	2.58	2.93	2.90	2.50	2.31	2.47	2.32	2.28	2.01	2.07	2.46	2.13	2.39	2.20	2.41	2.39	2.52	2.18	2.55	2.00	2.20	2.18	2.49	2.35	2.64	2.27	2.29	2.23	2.59	2.23
1.82	3.41	3.30	2.07	1.97	1.83	4.83	2.32	1.92	1.87	2.06	1.78	1.80	1.81	2.28	2.12	1.83	2.08	2.16	1.94	2.12	2.17	1.74	2.00	1.98	1.82	2.00	2.01	1.85	1.96	2.04	3.40	1.99	1.98	1.88	2.00	1.92	2.10	1.83	2.10	2.13	1.99	1.82	1.87	2.56	2.17	1.98	1.84	2.20	2.44	2.28	2.11	2.00	2.05	2.04	2.12	1.66	1.70	2.12	1.71	2.15	1.83	2.22	2.00	2.19	1.82	2.12	1.74	1.94	1.85	2.00	1.97	2.03	1.86	1.90	1.98	2.20	1.89
1.19	2.84	2.74	1.42	1.40	1.24	3.98	1.30	1.20	1.20	1.27	1.18	1.13	1.09	1.33	1.31	1.14	1.34	1.36	1.30	1.32	1.27	1.10	1.18	1.22	1.17	1.21	1.20	1.22	1.19	1.24	2.44	1.25	1.18	1.16	1.34	1.21	1.22	1.10	1.17	1.24	1.29	1.21	1.21	1.37	1.32	1.17	1.13	1.41	1.45	1.26	1.24	1.26	1.26	1.18	1.23	1.12	1.11	1.30	1.13	1.23	1.17	1.36	1.23	1.37	1.22	1.21	1.13	1.17	1.17	1.19	1.25	1.23	1.30	1.15	1.22	1.32	1.15
0.79	2.22	2.16	0.91	0.96	0.81	3.14	0.96	0.80	0.80	0.78	0.78	0.73	0.76	0.93	0.85	0.76	0.85	0.76	0.88	0.83	0.91	0.76	0.80	0.88	0.81	0.84	0.81	0.85	0.82	0.84	1.71	0.82	0.79	0.81	0.91	0.84	0.80	0.77	0.76	0.78	0.86	0.84	0.84	0.89	0.84	0.77	0.79	0.89	0.87	0.91	0.83	0.90	0.86	0.79	0.81	0.79	0.75	0.84	0.80	0.80	0.78	0.79	0.83	0.82	0.84	0.81	0.78	0.72	0.78	0.79	0.87	0.81	0.84	0.80	0.84	0.94	0.78
0.78	2.07	2.06	0.91	0.86	0.75	2.51	1.39	0.93	0.88	1.00	0.85	0.84	0.85	1.06	1.14	0.86	0.91	0.84	0.99	0.88	1.02	0.90	1.07	1.17	0.99	0.98	1.01	0.97	1.02	1.05	1.36	0.89	0.96	1.01	1.03	1.02	1.07	0.90	0.87	0.95	1.05	0.90	0.93	1.18	0.97	0.81	0.96	1.16	1.14	1.29	1.08	1.01	0.98	0.93	0.93	0.94	0.86	0.91	0.97	1.04	0.83	0.90	0.99	1.14	1.04	1.02	0.95	0.89	1.00	1.00	1.04	1.10	0.93	0.99	0.94	1.14	0.86
0.53	1.58	1.58	0.59	0.61	0.53	1.84	0.73	0.55	0.56	0.58	0.53	0.55	0.52	0.62	0.62	0.57	0.57	0.56	0.65	0.55	0.61	0.57	0.59	0.64	0.59	0.58	0.58	0.59	0.60	0.60	0.84	0.57	0.60	0.59	0.60	0.58	0.61	0.56	0.54	0.56	0.61	0.59	0.56	0.64	0.59	0.54	0.57	0.65	0.61	0.68	0.60	0.60	0.57	0.57	0.58	0.61	0.53	0.56	0.56	0.61	0.55	0.57	0.56	0.60	0.63	0.59	0.62	0.57	0.62	0.58	0.64	0.65	0.59	0.57	0.60	0.66	0.54
0.51	1.25	1.23	0.59	0.58	0.52	1.56	0.54	0.50	0.52	0.51	0.49	0.53	0.47	0.58	0.56	0.52	0.52	0.50	0.64	0.51	0.56	0.51	0.53	0.54	0.52	0.54	0.51	0.53	0.53	0.54	0.70	0.53	0.52	0.52	0.55	0.52	0.52	0.50	0.50	0.53	0.56	0.52	0.51	0.56	0.53	0.51	0.51	0.58	0.51	0.57	0.54	0.59	0.53	0.51	0.53	0.52	0.49	0.50	0.49	0.56	0.50	0.51	0.50	0.54	0.55	0.54	0.51	0.50	0.55	0.52	0.56	0.55	0.54	0.51	0.53	0.60	0.50
0.51	1.09	1.10	0.60	0.54	0.52	1.40	0.52	0.48	0.49	0.50	0.48	0.58	0.47	0.57	0.54	0.50	0.50	0.48	0.60	0.50	0.54	0.54	0.49	0.53	0.51	0.53	0.49	0.52	0.51	0.50	0.61	0.61	0.50	0.50	0.55	0.50	0.51	0.49	0.50	0.57	0.58	0.54	0.49	0.53	0.51	0.52	0.51	0.52	0.50	0.54	0.51	0.53	0.53	0.50	0.53	0.56	0.49	0.51	0.49	0.50	0.50	0.53	0.50	0.50	0.56	0.53	0.50	0.50	0.59	0.49	0.53	0.57	0.51	0.50	0.53	0.58	0.49
0.50	0.82	0.82	0.53	0.53	0.52	1.09	0.47	0.47	0.47	0.49	0.49	0.58	0.45	0.53	0.51	0.48	0.48	0.45	0.50	0.46	0.50	0.54	0.47	0.52	0.50	0.51	0.49	0.49	0.49	0.49	0.57	0.59	0.48	0.48	0.51	0.47	0.50	0.47	0.48	0.56	0.55	0.52	0.47	0.49	0.49	0.49	0.50	0.50	0.49	0.51	0.48	0.49	0.50	0.49	0.51	0.55	0.48	0.49	0.48	0.49	0.49	0.49	0.50	0.48	0.51	0.53	0.49	0.48	0.61	0.48	0.50	0.54	0.49	0.48	0.53	0.54	0.49
0.49	0.98	1.01	0.52	0.53	0.51	1.09	0.47	0.46	0.47	0.48	0.49	0.76	0.45	0.51	0.49	0.49	0.47	0.45	0.48	0.45	0.48	0.54	0.47	0.53	0.48	0.49	0.49	0.49	0.51	0.48	0.55	0.54	0.48	0.48	0.48	0.47	0.51	0.47	0.47	0.50	0.51	0.53	0.47	0.50	0.49	0.48	0.48	0.50	0.49	0.49	0.47	0.49	0.48	0.49	0.55	0.55	0.47	0.50	0.47	0.49	0.48	0.51	0.52	0.47	0.50	0.52	0.48	0.48	0.60	0.47	0.50	0.51	0.48	0.48	0.51	0.54	0.49
0.46	0.99	1.02	0.48	0.49	0.49	1.00	0.44	0.46	0.45	0.45	0.47	0.78	0.44	0.47	0.47	0.49	0.45	0.44	0.44	0.44	0.47	0.58	0.45	0.54	0.48	0.46	0.47	0.48	0.52	0.47	0.50	0.55	0.46	0.47	0.47	0.44	0.51	0.44	0.45	0.50	0.47	0.51	0.44	0.47	0.46	0.46	0.48	0.47	0.47	0.47	0.45	0.47	0.45	0.48	0.57	0.55	0.44	0.47	0.44	0.47	0.47	0.49	0.50	0.45	0.49	0.49	0.46	0.46	0.58	0.46	0.49	0.52	0.45	0.45	0.48	0.53	0.48
0.50	1.41	1.42	0.55	0.55	0.55	1.35	0.62	0.65	0.61	0.61	0.67	0.80	0.60	0.59	0.63	0.67	0.59	0.57	0.53	0.55	0.57	0.83	0.65	0.81	0.64	0.63	0.66	0.66	0.66	0.63	0.69	0.69	0.64	0.68	0.64	0.61	0.68	0.59	0.59	0.62	0.62	0.72	0.60	0.67	0.65	0.58	0.61	0.66	0.61	0.64	0.61	0.66	0.62	0.69	0.89	0.83	0.54	0.60	0.57	0.68	0.66	0.66	0.68	0.60	0.69	0.70	0.62	0.77	0.88	0.66	0.69	0.65	0.59	0.51	0.62	0.67	0.68
0.52	1.61	1.66	0.57	0.56	0.57	1.56	0.57	0.60	0.57	0.56	0.60	0.95	0.55	0.54	0.58	0.61	0.57	0.54	0.51	0.53	0.54	0.77	0.58	0.80	0.59	0.57	0.61	0.61	0.64	0.60	0.61	0.75	0.58	0.62	0.59	0.56	0.62	0.55	0.56	0.63	0.58	0.68	0.56	0.62	0.58	0.61	0.56	0.60	0.56	0.59	0.55	0.61	0.58	0.61	0.79	0.72	0.52	0.61	0.54	0.60	0.60	0.68	0.67	0.55	0.64	0.62	0.55	0.64	0.73	0.60	0.63	0.60	0.57	0.51	0.60	0.64	0.63
0.73	1.94	2.00	0.77	0.70	0.80	1.87	0.64	0.79	0.66	0.65	0.66	1.49	0.64	0.65	0.69	0.79	0.66	0.65	0.63	0.64	0.65	1.22	0.65	1.03	0.67	0.67	0.68	0.69	0.86	0.72	0.68	0.89	0.72	0.70	0.68	0.64	0.72	0.65	0.66	0.75	0.67	1.14	0.65	0.76	0.65	0.75	0.66	0.74	0.68	0.65	0.65	0.72	0.67	0.92	1.02	1.31	0.65	0.77	0.67	0.66	0.67	0.85	0.94	0.64	0.74	0.77	0.64	0.79	1.85	0.69	0.73	0.68	0.66	0.63	0.69	0.74	0.73
1.17	2.68	2.50	1.42	1.08	1.47	2.29	0.68	1.09	0.73	0.71	1.06	1.90	0.69	0.69	0.93	1.04	0.73	0.77	0.67	0.70	0.72	2.15	0.74	1.80	0.92	0.74	0.98	0.73	1.31	1.02	0.76	0.87	0.79	0.82	0.74	0.70	0.90	0.74	0.74	0.78	0.72	1.59	0.71	0.82	0.70	0.78	0.69	1.06	0.75	0.72	0.72	0.86	0.73	1.16	1.98	1.95	1.06	0.80	0.72	0.73	0.75	0.97	1.29	0.72	0.89	1.18	0.97	1.08	2.51	1.03	1.25	0.71	1.07	0.67	0.72	0.81	0.78
2.15	4.11	3.47	2.95	1.92	2.88	3.07	0.73	1.88	0.83	0.78	2.05	2.54	0.76	0.78	1.64	1.74	0.89	1.11	0.70	0.78	0.84	3.96	0.93	3.23	1.61	0.85	1.76	0.82	2.42	1.83	0.87	0.85	0.91	1.20	0.87	0.78	1.45	0.82	0.87	0.95	0.83	2.49	0.81	0.96	0.75	0.82	0.79	1.71	0.84	0.84	0.84	1.32	0.85	1.61	3.95	3.54	2.03	0.97	0.83	0.86	0.96	1.07	2.11	0.81	1.52	1.89	2.00	1.81	3.86	1.80	2.48	0.81	2.15	0.72	0.75	0.97	0.93
3.29	5.95	4.62	4.28	2.94	4.40	4.04	1.29	3.00	1.56	1.44	3.24	3.47	1.38	1.35	2.51	2.94	1.62	1.95	1.22	1.48	1.65	6.11	1.78	5.25	2.44	1.68	2.88	1.43	3.92	2.69	1.58	1.40	1.71	2.29	1.70	1.64	2.45	1.60	1.82	1.60	1.44	3.74	1.51	1.71	1.18	1.58	1.32	2.85	1.53	1.51	1.61	2.08	1.49	2.59	5.66	5.06	3.42	1.75	1.58	1.58	1.82	1.64	3.03	1.59	2.46	3.32	3.03	3.13	5.49	2.82	3.71	1.41	3.21	1.16	1.33	1.56	1.67
